// sort
Iteration : 0

34 45 2 3486 245 85 52 76 3 3 645 224 65 789 123 86 

Iteration : 1

34 45 2 3486 245 85 52 76 3 3 645 224 65 789 123 86 

Iteration : 2

34 2 45 3486 245 85 52 76 3 3 645 224 65 789 123 86 

Iteration : 3

2 34 45 3486 245 85 52 76 3 3 645 224 65 789 123 86 

Iteration : 4

2 34 45 3486 245 85 52 76 3 3 645 224 65 789 123 86 

Iteration : 5

2 34 45 3486 245 85 52 76 3 3 645 224 65 789 123 86 

Iteration : 6

2 34 45 3486 245 85 52 76 3 3 645 224 65 789 123 86 

Iteration : 7

2 34 45 245 3486 85 52 76 3 3 645 224 65 789 123 86 

Iteration : 8

2 34 45 245 3486 85 52 76 3 3 645 224 65 789 123 86 

Iteration : 9

2 34 45 245 3486 85 52 76 3 3 645 224 65 789 123 86 

Iteration : 10

2 34 45 245 3486 85 52 76 3 3 645 224 65 789 123 86 

Iteration : 11

2 34 45 245 3486 85 52 76 3 3 645 224 65 789 123 86 

Iteration : 12

2 34 45 245 85 3486 52 76 3 3 645 224 65 789 123 86 

Iteration : 13

2 34 45 245 85 3486 52 76 3 3 645 224 65 789 123 86 

Iteration : 14

2 34 45 245 85 3486 52 76 3 3 645 224 65 789 123 86 

Iteration : 15

2 34 45 245 85 3486 52 76 3 3 645 224 65 789 123 86 

Iteration : 16

2 34 45 85 245 3486 52 76 3 3 645 224 65 789 123 86 

Iteration : 17

2 34 45 85 245 3486 52 76 3 3 645 224 65 789 123 86 

Iteration : 18

2 34 45 85 245 3486 52 76 3 3 645 224 65 789 123 86 

Iteration : 19

2 34 45 85 245 3486 52 76 3 3 645 224 65 789 123 86 

Iteration : 20

2 34 45 85 245 3486 52 76 3 3 645 224 65 789 123 86 

Iteration : 21

2 34 45 85 245 3486 52 76 3 3 645 224 65 789 123 86 

Iteration : 22

2 34 45 85 245 52 3486 76 3 3 645 224 65 789 123 86 

Iteration : 23

2 34 45 85 245 52 3486 76 3 3 645 224 65 789 123 86 

Iteration : 24

2 34 45 85 245 52 3486 76 3 3 645 224 65 789 123 86 

Iteration : 25

2 34 45 85 245 52 3486 76 3 3 645 224 65 789 123 86 

Iteration : 26

2 34 45 85 245 52 3486 76 3 3 645 224 65 789 123 86 

Iteration : 27

2 34 45 85 52 245 3486 76 3 3 645 224 65 789 123 86 

Iteration : 28

2 34 45 85 52 245 3486 76 3 3 645 224 65 789 123 86 

Iteration : 29

2 34 45 85 52 245 3486 76 3 3 645 224 65 789 123 86 

Iteration : 30

2 34 45 85 52 245 3486 76 3 3 645 224 65 789 123 86 

Iteration : 31

2 34 45 52 85 245 3486 76 3 3 645 224 65 789 123 86 

Iteration : 32

2 34 45 52 85 245 3486 76 3 3 645 224 65 789 123 86 

Iteration : 33

2 34 45 52 85 245 3486 76 3 3 645 224 65 789 123 86 

Iteration : 34

2 34 45 52 85 245 3486 76 3 3 645 224 65 789 123 86 

Iteration : 35

2 34 45 52 85 245 3486 76 3 3 645 224 65 789 123 86 

Iteration : 36

2 34 45 52 85 245 3486 76 3 3 645 224 65 789 123 86 

Iteration : 37

2 34 45 52 85 245 3486 76 3 3 645 224 65 789 123 86 

Iteration : 38

2 34 45 52 85 245 76 3486 3 3 645 224 65 789 123 86 

Iteration : 39

2 34 45 52 85 245 76 3486 3 3 645 224 65 789 123 86 

Iteration : 40

2 34 45 52 85 245 76 3486 3 3 645 224 65 789 123 86 

Iteration : 41

2 34 45 52 85 245 76 3486 3 3 645 224 65 789 123 86 

Iteration : 42

2 34 45 52 85 245 76 3486 3 3 645 224 65 789 123 86 

Iteration : 43

2 34 45 52 85 245 76 3486 3 3 645 224 65 789 123 86 

Iteration : 44

2 34 45 52 85 76 245 3486 3 3 645 224 65 789 123 86 

Iteration : 45

2 34 45 52 85 76 245 3486 3 3 645 224 65 789 123 86 

Iteration : 46

2 34 45 52 85 76 245 3486 3 3 645 224 65 789 123 86 

Iteration : 47

2 34 45 52 85 76 245 3486 3 3 645 224 65 789 123 86 

Iteration : 48

2 34 45 52 85 76 245 3486 3 3 645 224 65 789 123 86 

Iteration : 49

2 34 45 52 76 85 245 3486 3 3 645 224 65 789 123 86 

Iteration : 50

2 34 45 52 76 85 245 3486 3 3 645 224 65 789 123 86 

Iteration : 51

2 34 45 52 76 85 245 3486 3 3 645 224 65 789 123 86 

Iteration : 52

2 34 45 52 76 85 245 3486 3 3 645 224 65 789 123 86 

Iteration : 53

2 34 45 52 76 85 245 3486 3 3 645 224 65 789 123 86 

Iteration : 54

2 34 45 52 76 85 245 3486 3 3 645 224 65 789 123 86 

Iteration : 55

2 34 45 52 76 85 245 3486 3 3 645 224 65 789 123 86 

Iteration : 56

2 34 45 52 76 85 245 3486 3 3 645 224 65 789 123 86 

Iteration : 57

2 34 45 52 76 85 245 3 3486 3 645 224 65 789 123 86 

Iteration : 58

2 34 45 52 76 85 245 3 3486 3 645 224 65 789 123 86 

Iteration : 59

2 34 45 52 76 85 245 3 3486 3 645 224 65 789 123 86 

Iteration : 60

2 34 45 52 76 85 245 3 3486 3 645 224 65 789 123 86 

Iteration : 61

2 34 45 52 76 85 245 3 3486 3 645 224 65 789 123 86 

Iteration : 62

2 34 45 52 76 85 245 3 3486 3 645 224 65 789 123 86 

Iteration : 63

2 34 45 52 76 85 245 3 3486 3 645 224 65 789 123 86 

Iteration : 64

2 34 45 52 76 85 3 245 3486 3 645 224 65 789 123 86 

Iteration : 65

2 34 45 52 76 85 3 245 3486 3 645 224 65 789 123 86 

Iteration : 66

2 34 45 52 76 85 3 245 3486 3 645 224 65 789 123 86 

Iteration : 67

2 34 45 52 76 85 3 245 3486 3 645 224 65 789 123 86 

Iteration : 68

2 34 45 52 76 85 3 245 3486 3 645 224 65 789 123 86 

Iteration : 69

2 34 45 52 76 85 3 245 3486 3 645 224 65 789 123 86 

Iteration : 70

2 34 45 52 76 3 85 245 3486 3 645 224 65 789 123 86 

Iteration : 71

2 34 45 52 76 3 85 245 3486 3 645 224 65 789 123 86 

Iteration : 72

2 34 45 52 76 3 85 245 3486 3 645 224 65 789 123 86 

Iteration : 73

2 34 45 52 76 3 85 245 3486 3 645 224 65 789 123 86 

Iteration : 74

2 34 45 52 76 3 85 245 3486 3 645 224 65 789 123 86 

Iteration : 75

2 34 45 52 3 76 85 245 3486 3 645 224 65 789 123 86 

Iteration : 76

2 34 45 52 3 76 85 245 3486 3 645 224 65 789 123 86 

Iteration : 77

2 34 45 52 3 76 85 245 3486 3 645 224 65 789 123 86 

Iteration : 78

2 34 45 52 3 76 85 245 3486 3 645 224 65 789 123 86 

Iteration : 79

2 34 45 3 52 76 85 245 3486 3 645 224 65 789 123 86 

Iteration : 80

2 34 45 3 52 76 85 245 3486 3 645 224 65 789 123 86 

Iteration : 81

2 34 45 3 52 76 85 245 3486 3 645 224 65 789 123 86 

Iteration : 82

2 34 3 45 52 76 85 245 3486 3 645 224 65 789 123 86 

Iteration : 83

2 34 3 45 52 76 85 245 3486 3 645 224 65 789 123 86 

Iteration : 84

2 3 34 45 52 76 85 245 3486 3 645 224 65 789 123 86 

Iteration : 85

2 3 34 45 52 76 85 245 3486 3 645 224 65 789 123 86 

Iteration : 86

2 3 34 45 52 76 85 245 3486 3 645 224 65 789 123 86 

Iteration : 87

2 3 34 45 52 76 85 245 3486 3 645 224 65 789 123 86 

Iteration : 88

2 3 34 45 52 76 85 245 3486 3 645 224 65 789 123 86 

Iteration : 89

2 3 34 45 52 76 85 245 3486 3 645 224 65 789 123 86 

Iteration : 90

2 3 34 45 52 76 85 245 3486 3 645 224 65 789 123 86 

Iteration : 91

2 3 34 45 52 76 85 245 3486 3 645 224 65 789 123 86 

Iteration : 92

2 3 34 45 52 76 85 245 3486 3 645 224 65 789 123 86 

Iteration : 93

2 3 34 45 52 76 85 245 3 3486 645 224 65 789 123 86 

Iteration : 94

2 3 34 45 52 76 85 245 3 3486 645 224 65 789 123 86 

Iteration : 95

2 3 34 45 52 76 85 245 3 3486 645 224 65 789 123 86 

Iteration : 96

2 3 34 45 52 76 85 245 3 3486 645 224 65 789 123 86 

Iteration : 97

2 3 34 45 52 76 85 245 3 3486 645 224 65 789 123 86 

Iteration : 98

2 3 34 45 52 76 85 245 3 3486 645 224 65 789 123 86 

Iteration : 99

2 3 34 45 52 76 85 245 3 3486 645 224 65 789 123 86 

Iteration : 100

2 3 34 45 52 76 85 245 3 3486 645 224 65 789 123 86 

Iteration : 101

2 3 34 45 52 76 85 3 245 3486 645 224 65 789 123 86 

Iteration : 102

2 3 34 45 52 76 85 3 245 3486 645 224 65 789 123 86 

Iteration : 103

2 3 34 45 52 76 85 3 245 3486 645 224 65 789 123 86 

Iteration : 104

2 3 34 45 52 76 85 3 245 3486 645 224 65 789 123 86 

Iteration : 105

2 3 34 45 52 76 85 3 245 3486 645 224 65 789 123 86 

Iteration : 106

2 3 34 45 52 76 85 3 245 3486 645 224 65 789 123 86 

Iteration : 107

2 3 34 45 52 76 85 3 245 3486 645 224 65 789 123 86 

Iteration : 108

2 3 34 45 52 76 3 85 245 3486 645 224 65 789 123 86 

Iteration : 109

2 3 34 45 52 76 3 85 245 3486 645 224 65 789 123 86 

Iteration : 110

2 3 34 45 52 76 3 85 245 3486 645 224 65 789 123 86 

Iteration : 111

2 3 34 45 52 76 3 85 245 3486 645 224 65 789 123 86 

Iteration : 112

2 3 34 45 52 76 3 85 245 3486 645 224 65 789 123 86 

Iteration : 113

2 3 34 45 52 76 3 85 245 3486 645 224 65 789 123 86 

Iteration : 114

2 3 34 45 52 3 76 85 245 3486 645 224 65 789 123 86 

Iteration : 115

2 3 34 45 52 3 76 85 245 3486 645 224 65 789 123 86 

Iteration : 116

2 3 34 45 52 3 76 85 245 3486 645 224 65 789 123 86 

Iteration : 117

2 3 34 45 52 3 76 85 245 3486 645 224 65 789 123 86 

Iteration : 118

2 3 34 45 52 3 76 85 245 3486 645 224 65 789 123 86 

Iteration : 119

2 3 34 45 3 52 76 85 245 3486 645 224 65 789 123 86 

Iteration : 120

2 3 34 45 3 52 76 85 245 3486 645 224 65 789 123 86 

Iteration : 121

2 3 34 45 3 52 76 85 245 3486 645 224 65 789 123 86 

Iteration : 122

2 3 34 45 3 52 76 85 245 3486 645 224 65 789 123 86 

Iteration : 123

2 3 34 3 45 52 76 85 245 3486 645 224 65 789 123 86 

Iteration : 124

2 3 34 3 45 52 76 85 245 3486 645 224 65 789 123 86 

Iteration : 125

2 3 34 3 45 52 76 85 245 3486 645 224 65 789 123 86 

Iteration : 126

2 3 3 34 45 52 76 85 245 3486 645 224 65 789 123 86 

Iteration : 127

2 3 3 34 45 52 76 85 245 3486 645 224 65 789 123 86 

Iteration : 128

2 3 3 34 45 52 76 85 245 3486 645 224 65 789 123 86 

Iteration : 129

2 3 3 34 45 52 76 85 245 3486 645 224 65 789 123 86 

Iteration : 130

2 3 3 34 45 52 76 85 245 3486 645 224 65 789 123 86 

Iteration : 131

2 3 3 34 45 52 76 85 245 3486 645 224 65 789 123 86 

Iteration : 132

2 3 3 34 45 52 76 85 245 3486 645 224 65 789 123 86 

Iteration : 133

2 3 3 34 45 52 76 85 245 3486 645 224 65 789 123 86 

Iteration : 134

2 3 3 34 45 52 76 85 245 3486 645 224 65 789 123 86 

Iteration : 135

2 3 3 34 45 52 76 85 245 3486 645 224 65 789 123 86 

Iteration : 136

2 3 3 34 45 52 76 85 245 645 3486 224 65 789 123 86 

Iteration : 137

2 3 3 34 45 52 76 85 245 645 3486 224 65 789 123 86 

Iteration : 138

2 3 3 34 45 52 76 85 245 645 3486 224 65 789 123 86 

Iteration : 139

2 3 3 34 45 52 76 85 245 645 3486 224 65 789 123 86 

Iteration : 140

2 3 3 34 45 52 76 85 245 645 3486 224 65 789 123 86 

Iteration : 141

2 3 3 34 45 52 76 85 245 645 3486 224 65 789 123 86 

Iteration : 142

2 3 3 34 45 52 76 85 245 645 3486 224 65 789 123 86 

Iteration : 143

2 3 3 34 45 52 76 85 245 645 3486 224 65 789 123 86 

Iteration : 144

2 3 3 34 45 52 76 85 245 645 3486 224 65 789 123 86 

Iteration : 145

2 3 3 34 45 52 76 85 245 645 3486 224 65 789 123 86 

Iteration : 146

2 3 3 34 45 52 76 85 245 645 3486 224 65 789 123 86 

Iteration : 147

2 3 3 34 45 52 76 85 245 645 224 3486 65 789 123 86 

Iteration : 148

2 3 3 34 45 52 76 85 245 645 224 3486 65 789 123 86 

Iteration : 149

2 3 3 34 45 52 76 85 245 645 224 3486 65 789 123 86 

Iteration : 150

2 3 3 34 45 52 76 85 245 645 224 3486 65 789 123 86 

Iteration : 151

2 3 3 34 45 52 76 85 245 645 224 3486 65 789 123 86 

Iteration : 152

2 3 3 34 45 52 76 85 245 645 224 3486 65 789 123 86 

Iteration : 153

2 3 3 34 45 52 76 85 245 645 224 3486 65 789 123 86 

Iteration : 154

2 3 3 34 45 52 76 85 245 645 224 3486 65 789 123 86 

Iteration : 155

2 3 3 34 45 52 76 85 245 645 224 3486 65 789 123 86 

Iteration : 156

2 3 3 34 45 52 76 85 245 645 224 3486 65 789 123 86 

Iteration : 157

2 3 3 34 45 52 76 85 245 224 645 3486 65 789 123 86 

Iteration : 158

2 3 3 34 45 52 76 85 245 224 645 3486 65 789 123 86 

Iteration : 159

2 3 3 34 45 52 76 85 245 224 645 3486 65 789 123 86 

Iteration : 160

2 3 3 34 45 52 76 85 245 224 645 3486 65 789 123 86 

Iteration : 161

2 3 3 34 45 52 76 85 245 224 645 3486 65 789 123 86 

Iteration : 162

2 3 3 34 45 52 76 85 245 224 645 3486 65 789 123 86 

Iteration : 163

2 3 3 34 45 52 76 85 245 224 645 3486 65 789 123 86 

Iteration : 164

2 3 3 34 45 52 76 85 245 224 645 3486 65 789 123 86 

Iteration : 165

2 3 3 34 45 52 76 85 245 224 645 3486 65 789 123 86 

Iteration : 166

2 3 3 34 45 52 76 85 224 245 645 3486 65 789 123 86 

Iteration : 167

2 3 3 34 45 52 76 85 224 245 645 3486 65 789 123 86 

Iteration : 168

2 3 3 34 45 52 76 85 224 245 645 3486 65 789 123 86 

Iteration : 169

2 3 3 34 45 52 76 85 224 245 645 3486 65 789 123 86 

Iteration : 170

2 3 3 34 45 52 76 85 224 245 645 3486 65 789 123 86 

Iteration : 171

2 3 3 34 45 52 76 85 224 245 645 3486 65 789 123 86 

Iteration : 172

2 3 3 34 45 52 76 85 224 245 645 3486 65 789 123 86 

Iteration : 173

2 3 3 34 45 52 76 85 224 245 645 3486 65 789 123 86 

Iteration : 174

2 3 3 34 45 52 76 85 224 245 645 3486 65 789 123 86 

Iteration : 175

2 3 3 34 45 52 76 85 224 245 645 3486 65 789 123 86 

Iteration : 176

2 3 3 34 45 52 76 85 224 245 645 3486 65 789 123 86 

Iteration : 177

2 3 3 34 45 52 76 85 224 245 645 3486 65 789 123 86 

Iteration : 178

2 3 3 34 45 52 76 85 224 245 645 65 3486 789 123 86 

Iteration : 179

2 3 3 34 45 52 76 85 224 245 645 65 3486 789 123 86 

Iteration : 180

2 3 3 34 45 52 76 85 224 245 645 65 3486 789 123 86 

Iteration : 181

2 3 3 34 45 52 76 85 224 245 645 65 3486 789 123 86 

Iteration : 182

2 3 3 34 45 52 76 85 224 245 645 65 3486 789 123 86 

Iteration : 183

2 3 3 34 45 52 76 85 224 245 645 65 3486 789 123 86 

Iteration : 184

2 3 3 34 45 52 76 85 224 245 645 65 3486 789 123 86 

Iteration : 185

2 3 3 34 45 52 76 85 224 245 645 65 3486 789 123 86 

Iteration : 186

2 3 3 34 45 52 76 85 224 245 645 65 3486 789 123 86 

Iteration : 187

2 3 3 34 45 52 76 85 224 245 645 65 3486 789 123 86 

Iteration : 188

2 3 3 34 45 52 76 85 224 245 645 65 3486 789 123 86 

Iteration : 189

2 3 3 34 45 52 76 85 224 245 65 645 3486 789 123 86 

Iteration : 190

2 3 3 34 45 52 76 85 224 245 65 645 3486 789 123 86 

Iteration : 191

2 3 3 34 45 52 76 85 224 245 65 645 3486 789 123 86 

Iteration : 192

2 3 3 34 45 52 76 85 224 245 65 645 3486 789 123 86 

Iteration : 193

2 3 3 34 45 52 76 85 224 245 65 645 3486 789 123 86 

Iteration : 194

2 3 3 34 45 52 76 85 224 245 65 645 3486 789 123 86 

Iteration : 195

2 3 3 34 45 52 76 85 224 245 65 645 3486 789 123 86 

Iteration : 196

2 3 3 34 45 52 76 85 224 245 65 645 3486 789 123 86 

Iteration : 197

2 3 3 34 45 52 76 85 224 245 65 645 3486 789 123 86 

Iteration : 198

2 3 3 34 45 52 76 85 224 245 65 645 3486 789 123 86 

Iteration : 199

2 3 3 34 45 52 76 85 224 65 245 645 3486 789 123 86 

Iteration : 200

2 3 3 34 45 52 76 85 224 65 245 645 3486 789 123 86 

Iteration : 201

2 3 3 34 45 52 76 85 224 65 245 645 3486 789 123 86 

Iteration : 202

2 3 3 34 45 52 76 85 224 65 245 645 3486 789 123 86 

Iteration : 203

2 3 3 34 45 52 76 85 224 65 245 645 3486 789 123 86 

Iteration : 204

2 3 3 34 45 52 76 85 224 65 245 645 3486 789 123 86 

Iteration : 205

2 3 3 34 45 52 76 85 224 65 245 645 3486 789 123 86 

Iteration : 206

2 3 3 34 45 52 76 85 224 65 245 645 3486 789 123 86 

Iteration : 207

2 3 3 34 45 52 76 85 224 65 245 645 3486 789 123 86 

Iteration : 208

2 3 3 34 45 52 76 85 65 224 245 645 3486 789 123 86 

Iteration : 209

2 3 3 34 45 52 76 85 65 224 245 645 3486 789 123 86 

Iteration : 210

2 3 3 34 45 52 76 85 65 224 245 645 3486 789 123 86 

Iteration : 211

2 3 3 34 45 52 76 85 65 224 245 645 3486 789 123 86 

Iteration : 212

2 3 3 34 45 52 76 85 65 224 245 645 3486 789 123 86 

Iteration : 213

2 3 3 34 45 52 76 85 65 224 245 645 3486 789 123 86 

Iteration : 214

2 3 3 34 45 52 76 85 65 224 245 645 3486 789 123 86 

Iteration : 215

2 3 3 34 45 52 76 85 65 224 245 645 3486 789 123 86 

Iteration : 216

2 3 3 34 45 52 76 65 85 224 245 645 3486 789 123 86 

Iteration : 217

2 3 3 34 45 52 76 65 85 224 245 645 3486 789 123 86 

Iteration : 218

2 3 3 34 45 52 76 65 85 224 245 645 3486 789 123 86 

Iteration : 219

2 3 3 34 45 52 76 65 85 224 245 645 3486 789 123 86 

Iteration : 220

2 3 3 34 45 52 76 65 85 224 245 645 3486 789 123 86 

Iteration : 221

2 3 3 34 45 52 76 65 85 224 245 645 3486 789 123 86 

Iteration : 222

2 3 3 34 45 52 76 65 85 224 245 645 3486 789 123 86 

Iteration : 223

2 3 3 34 45 52 65 76 85 224 245 645 3486 789 123 86 

Iteration : 224

2 3 3 34 45 52 65 76 85 224 245 645 3486 789 123 86 

Iteration : 225

2 3 3 34 45 52 65 76 85 224 245 645 3486 789 123 86 

Iteration : 226

2 3 3 34 45 52 65 76 85 224 245 645 3486 789 123 86 

Iteration : 227

2 3 3 34 45 52 65 76 85 224 245 645 3486 789 123 86 

Iteration : 228

2 3 3 34 45 52 65 76 85 224 245 645 3486 789 123 86 

Iteration : 229

2 3 3 34 45 52 65 76 85 224 245 645 3486 789 123 86 

Iteration : 230

2 3 3 34 45 52 65 76 85 224 245 645 3486 789 123 86 

Iteration : 231

2 3 3 34 45 52 65 76 85 224 245 645 3486 789 123 86 

Iteration : 232

2 3 3 34 45 52 65 76 85 224 245 645 3486 789 123 86 

Iteration : 233

2 3 3 34 45 52 65 76 85 224 245 645 3486 789 123 86 

Iteration : 234

2 3 3 34 45 52 65 76 85 224 245 645 3486 789 123 86 

Iteration : 235

2 3 3 34 45 52 65 76 85 224 245 645 3486 789 123 86 

Iteration : 236

2 3 3 34 45 52 65 76 85 224 245 645 789 3486 123 86 

Iteration : 237

2 3 3 34 45 52 65 76 85 224 245 645 789 3486 123 86 

Iteration : 238

2 3 3 34 45 52 65 76 85 224 245 645 789 3486 123 86 

Iteration : 239

2 3 3 34 45 52 65 76 85 224 245 645 789 3486 123 86 

Iteration : 240

2 3 3 34 45 52 65 76 85 224 245 645 789 3486 123 86 

Iteration : 241

2 3 3 34 45 52 65 76 85 224 245 645 789 3486 123 86 

Iteration : 242

2 3 3 34 45 52 65 76 85 224 245 645 789 3486 123 86 

Iteration : 243

2 3 3 34 45 52 65 76 85 224 245 645 789 3486 123 86 

Iteration : 244

2 3 3 34 45 52 65 76 85 224 245 645 789 3486 123 86 

Iteration : 245

2 3 3 34 45 52 65 76 85 224 245 645 789 3486 123 86 

Iteration : 246

2 3 3 34 45 52 65 76 85 224 245 645 789 3486 123 86 

Iteration : 247

2 3 3 34 45 52 65 76 85 224 245 645 789 3486 123 86 

Iteration : 248

2 3 3 34 45 52 65 76 85 224 245 645 789 3486 123 86 

Iteration : 249

2 3 3 34 45 52 65 76 85 224 245 645 789 3486 123 86 

Iteration : 250

2 3 3 34 45 52 65 76 85 224 245 645 789 123 3486 86 

Iteration : 251

2 3 3 34 45 52 65 76 85 224 245 645 789 123 3486 86 

Iteration : 252

2 3 3 34 45 52 65 76 85 224 245 645 789 123 3486 86 

Iteration : 253

2 3 3 34 45 52 65 76 85 224 245 645 789 123 3486 86 

Iteration : 254

2 3 3 34 45 52 65 76 85 224 245 645 789 123 3486 86 

Iteration : 255

2 3 3 34 45 52 65 76 85 224 245 645 789 123 3486 86 

Iteration : 256

2 3 3 34 45 52 65 76 85 224 245 645 789 123 3486 86 

Iteration : 257

2 3 3 34 45 52 65 76 85 224 245 645 789 123 3486 86 

Iteration : 258

2 3 3 34 45 52 65 76 85 224 245 645 789 123 3486 86 

Iteration : 259

2 3 3 34 45 52 65 76 85 224 245 645 789 123 3486 86 

Iteration : 260

2 3 3 34 45 52 65 76 85 224 245 645 789 123 3486 86 

Iteration : 261

2 3 3 34 45 52 65 76 85 224 245 645 789 123 3486 86 

Iteration : 262

2 3 3 34 45 52 65 76 85 224 245 645 789 123 3486 86 

Iteration : 263

2 3 3 34 45 52 65 76 85 224 245 645 123 789 3486 86 

Iteration : 264

2 3 3 34 45 52 65 76 85 224 245 645 123 789 3486 86 

Iteration : 265

2 3 3 34 45 52 65 76 85 224 245 645 123 789 3486 86 

Iteration : 266

2 3 3 34 45 52 65 76 85 224 245 645 123 789 3486 86 

Iteration : 267

2 3 3 34 45 52 65 76 85 224 245 645 123 789 3486 86 

Iteration : 268

2 3 3 34 45 52 65 76 85 224 245 645 123 789 3486 86 

Iteration : 269

2 3 3 34 45 52 65 76 85 224 245 645 123 789 3486 86 

Iteration : 270

2 3 3 34 45 52 65 76 85 224 245 645 123 789 3486 86 

Iteration : 271

2 3 3 34 45 52 65 76 85 224 245 645 123 789 3486 86 

Iteration : 272

2 3 3 34 45 52 65 76 85 224 245 645 123 789 3486 86 

Iteration : 273

2 3 3 34 45 52 65 76 85 224 245 645 123 789 3486 86 

Iteration : 274

2 3 3 34 45 52 65 76 85 224 245 645 123 789 3486 86 

Iteration : 275

2 3 3 34 45 52 65 76 85 224 245 123 645 789 3486 86 

Iteration : 276

2 3 3 34 45 52 65 76 85 224 245 123 645 789 3486 86 

Iteration : 277

2 3 3 34 45 52 65 76 85 224 245 123 645 789 3486 86 

Iteration : 278

2 3 3 34 45 52 65 76 85 224 245 123 645 789 3486 86 

Iteration : 279

2 3 3 34 45 52 65 76 85 224 245 123 645 789 3486 86 

Iteration : 280

2 3 3 34 45 52 65 76 85 224 245 123 645 789 3486 86 

Iteration : 281

2 3 3 34 45 52 65 76 85 224 245 123 645 789 3486 86 

Iteration : 282

2 3 3 34 45 52 65 76 85 224 245 123 645 789 3486 86 

Iteration : 283

2 3 3 34 45 52 65 76 85 224 245 123 645 789 3486 86 

Iteration : 284

2 3 3 34 45 52 65 76 85 224 245 123 645 789 3486 86 

Iteration : 285

2 3 3 34 45 52 65 76 85 224 245 123 645 789 3486 86 

Iteration : 286

2 3 3 34 45 52 65 76 85 224 123 245 645 789 3486 86 

Iteration : 287

2 3 3 34 45 52 65 76 85 224 123 245 645 789 3486 86 

Iteration : 288

2 3 3 34 45 52 65 76 85 224 123 245 645 789 3486 86 

Iteration : 289

2 3 3 34 45 52 65 76 85 224 123 245 645 789 3486 86 

Iteration : 290

2 3 3 34 45 52 65 76 85 224 123 245 645 789 3486 86 

Iteration : 291

2 3 3 34 45 52 65 76 85 224 123 245 645 789 3486 86 

Iteration : 292

2 3 3 34 45 52 65 76 85 224 123 245 645 789 3486 86 

Iteration : 293

2 3 3 34 45 52 65 76 85 224 123 245 645 789 3486 86 

Iteration : 294

2 3 3 34 45 52 65 76 85 224 123 245 645 789 3486 86 

Iteration : 295

2 3 3 34 45 52 65 76 85 224 123 245 645 789 3486 86 

Iteration : 296

2 3 3 34 45 52 65 76 85 123 224 245 645 789 3486 86 

Iteration : 297

2 3 3 34 45 52 65 76 85 123 224 245 645 789 3486 86 

Iteration : 298

2 3 3 34 45 52 65 76 85 123 224 245 645 789 3486 86 

Iteration : 299

2 3 3 34 45 52 65 76 85 123 224 245 645 789 3486 86 

Iteration : 300

2 3 3 34 45 52 65 76 85 123 224 245 645 789 3486 86 

Iteration : 301

2 3 3 34 45 52 65 76 85 123 224 245 645 789 3486 86 

Iteration : 302

2 3 3 34 45 52 65 76 85 123 224 245 645 789 3486 86 

Iteration : 303

2 3 3 34 45 52 65 76 85 123 224 245 645 789 3486 86 

Iteration : 304

2 3 3 34 45 52 65 76 85 123 224 245 645 789 3486 86 

Iteration : 305

2 3 3 34 45 52 65 76 85 123 224 245 645 789 3486 86 

Iteration : 306

2 3 3 34 45 52 65 76 85 123 224 245 645 789 3486 86 

Iteration : 307

2 3 3 34 45 52 65 76 85 123 224 245 645 789 3486 86 

Iteration : 308

2 3 3 34 45 52 65 76 85 123 224 245 645 789 3486 86 

Iteration : 309

2 3 3 34 45 52 65 76 85 123 224 245 645 789 3486 86 

Iteration : 310

2 3 3 34 45 52 65 76 85 123 224 245 645 789 3486 86 

Iteration : 311

2 3 3 34 45 52 65 76 85 123 224 245 645 789 86 3486 

Iteration : 312

2 3 3 34 45 52 65 76 85 123 224 245 645 789 86 3486 

Iteration : 313

2 3 3 34 45 52 65 76 85 123 224 245 645 789 86 3486 

Iteration : 314

2 3 3 34 45 52 65 76 85 123 224 245 645 789 86 3486 

Iteration : 315

2 3 3 34 45 52 65 76 85 123 224 245 645 789 86 3486 

Iteration : 316

2 3 3 34 45 52 65 76 85 123 224 245 645 789 86 3486 

Iteration : 317

2 3 3 34 45 52 65 76 85 123 224 245 645 789 86 3486 

Iteration : 318

2 3 3 34 45 52 65 76 85 123 224 245 645 789 86 3486 

Iteration : 319

2 3 3 34 45 52 65 76 85 123 224 245 645 789 86 3486 

Iteration : 320

2 3 3 34 45 52 65 76 85 123 224 245 645 789 86 3486 

Iteration : 321

2 3 3 34 45 52 65 76 85 123 224 245 645 789 86 3486 

Iteration : 322

2 3 3 34 45 52 65 76 85 123 224 245 645 789 86 3486 

Iteration : 323

2 3 3 34 45 52 65 76 85 123 224 245 645 789 86 3486 

Iteration : 324

2 3 3 34 45 52 65 76 85 123 224 245 645 789 86 3486 

Iteration : 325

2 3 3 34 45 52 65 76 85 123 224 245 645 86 789 3486 

Iteration : 326

2 3 3 34 45 52 65 76 85 123 224 245 645 86 789 3486 

Iteration : 327

2 3 3 34 45 52 65 76 85 123 224 245 645 86 789 3486 

Iteration : 328

2 3 3 34 45 52 65 76 85 123 224 245 645 86 789 3486 

Iteration : 329

2 3 3 34 45 52 65 76 85 123 224 245 645 86 789 3486 

Iteration : 330

2 3 3 34 45 52 65 76 85 123 224 245 645 86 789 3486 

Iteration : 331

2 3 3 34 45 52 65 76 85 123 224 245 645 86 789 3486 

Iteration : 332

2 3 3 34 45 52 65 76 85 123 224 245 645 86 789 3486 

Iteration : 333

2 3 3 34 45 52 65 76 85 123 224 245 645 86 789 3486 

Iteration : 334

2 3 3 34 45 52 65 76 85 123 224 245 645 86 789 3486 

Iteration : 335

2 3 3 34 45 52 65 76 85 123 224 245 645 86 789 3486 

Iteration : 336

2 3 3 34 45 52 65 76 85 123 224 245 645 86 789 3486 

Iteration : 337

2 3 3 34 45 52 65 76 85 123 224 245 645 86 789 3486 

Iteration : 338

2 3 3 34 45 52 65 76 85 123 224 245 86 645 789 3486 

Iteration : 339

2 3 3 34 45 52 65 76 85 123 224 245 86 645 789 3486 

Iteration : 340

2 3 3 34 45 52 65 76 85 123 224 245 86 645 789 3486 

Iteration : 341

2 3 3 34 45 52 65 76 85 123 224 245 86 645 789 3486 

Iteration : 342

2 3 3 34 45 52 65 76 85 123 224 245 86 645 789 3486 

Iteration : 343

2 3 3 34 45 52 65 76 85 123 224 245 86 645 789 3486 

Iteration : 344

2 3 3 34 45 52 65 76 85 123 224 245 86 645 789 3486 

Iteration : 345

2 3 3 34 45 52 65 76 85 123 224 245 86 645 789 3486 

Iteration : 346

2 3 3 34 45 52 65 76 85 123 224 245 86 645 789 3486 

Iteration : 347

2 3 3 34 45 52 65 76 85 123 224 245 86 645 789 3486 

Iteration : 348

2 3 3 34 45 52 65 76 85 123 224 245 86 645 789 3486 

Iteration : 349

2 3 3 34 45 52 65 76 85 123 224 245 86 645 789 3486 

Iteration : 350

2 3 3 34 45 52 65 76 85 123 224 86 245 645 789 3486 

Iteration : 351

2 3 3 34 45 52 65 76 85 123 224 86 245 645 789 3486 

Iteration : 352

2 3 3 34 45 52 65 76 85 123 224 86 245 645 789 3486 

Iteration : 353

2 3 3 34 45 52 65 76 85 123 224 86 245 645 789 3486 

Iteration : 354

2 3 3 34 45 52 65 76 85 123 224 86 245 645 789 3486 

Iteration : 355

2 3 3 34 45 52 65 76 85 123 224 86 245 645 789 3486 

Iteration : 356

2 3 3 34 45 52 65 76 85 123 224 86 245 645 789 3486 

Iteration : 357

2 3 3 34 45 52 65 76 85 123 224 86 245 645 789 3486 

Iteration : 358

2 3 3 34 45 52 65 76 85 123 224 86 245 645 789 3486 

Iteration : 359

2 3 3 34 45 52 65 76 85 123 224 86 245 645 789 3486 

Iteration : 360

2 3 3 34 45 52 65 76 85 123 224 86 245 645 789 3486 

Iteration : 361

2 3 3 34 45 52 65 76 85 123 86 224 245 645 789 3486 

Iteration : 362

2 3 3 34 45 52 65 76 85 123 86 224 245 645 789 3486 

Iteration : 363

2 3 3 34 45 52 65 76 85 123 86 224 245 645 789 3486 

Iteration : 364

2 3 3 34 45 52 65 76 85 123 86 224 245 645 789 3486 

Iteration : 365

2 3 3 34 45 52 65 76 85 123 86 224 245 645 789 3486 

Iteration : 366

2 3 3 34 45 52 65 76 85 123 86 224 245 645 789 3486 

Iteration : 367

2 3 3 34 45 52 65 76 85 123 86 224 245 645 789 3486 

Iteration : 368

2 3 3 34 45 52 65 76 85 123 86 224 245 645 789 3486 

Iteration : 369

2 3 3 34 45 52 65 76 85 123 86 224 245 645 789 3486 

Iteration : 370

2 3 3 34 45 52 65 76 85 123 86 224 245 645 789 3486 

Iteration : 371

2 3 3 34 45 52 65 76 85 86 123 224 245 645 789 3486 

Iteration : 372

2 3 3 34 45 52 65 76 85 86 123 224 245 645 789 3486 

Iteration : 373

2 3 3 34 45 52 65 76 85 86 123 224 245 645 789 3486 

Iteration : 374

2 3 3 34 45 52 65 76 85 86 123 224 245 645 789 3486 

Iteration : 375

2 3 3 34 45 52 65 76 85 86 123 224 245 645 789 3486 

Iteration : 376

2 3 3 34 45 52 65 76 85 86 123 224 245 645 789 3486 

Iteration : 377

2 3 3 34 45 52 65 76 85 86 123 224 245 645 789 3486 

Iteration : 378

2 3 3 34 45 52 65 76 85 86 123 224 245 645 789 3486 

Iteration : 379

2 3 3 34 45 52 65 76 85 86 123 224 245 645 789 3486 

Iteration : 380

2 3 3 34 45 52 65 76 85 86 123 224 245 645 789 3486 

Iteration : 381

2 3 3 34 45 52 65 76 85 86 123 224 245 645 789 3486 

Iteration : 382

2 3 3 34 45 52 65 76 85 86 123 224 245 645 789 3486 

Iteration : 383

2 3 3 34 45 52 65 76 85 86 123 224 245 645 789 3486 

Iteration : 384

2 3 3 34 45 52 65 76 85 86 123 224 245 645 789 3486 

Iteration : 385

2 3 3 34 45 52 65 76 85 86 123 224 245 645 789 3486 

Final Sorted array after 386 iterations

2 3 3 34 45 52 65 76 85 86 123 224 245 645 789 3486

****************************************************************************************************
// Bubble-Sort